1000
8 90 85
36 65 62
100 17 30
57 48 78
81 14 29
11 32 65
65 89 98
100 6 31
54 84 77
79 40 83
62 48 83
33 60 68
59 30 95
99 99 99
89 41 20
97 87 65
57 14 13
98 85 64
33 36 11
72 69 8
44 60 67
62 17 79
99 26 64
86 23 47
30 44 90
84 71 12
67 23 25
15 72 4
83 77 98
20 28 98
44 68 69
64 81 11
79 31 94
57 76 73
63 5 13
91 41 56
13 35 36
32 77 66
54 69 77
67 19 16
0 39 48
15 74 4
34 78 66
57 38 52
30 41 28
16 93 89
90 77 46
78 28 94
71 28 4
90 98 72
100 31 11
74 32 14
28 43 83
38 3 52
22 14 70
46 83 61
44 52 32
45 61 96
70 16 5
60 100 78
61 30 32
99 97 98
29 94 95
87 20 40
73 79 96
98 69 74
41 9 44
44 26 6
57 66 7
45 58 69
97 58 73
81 30 41
96 23 79
2 9 3
79 7 62
26 7 46
49 22 17
16 54 82
84 1 80
6 12 13
61 9 64
15 28 37
83 88 33
97 61 94
79 12 10
21 94 36
74 29 63
56 84 29
76 21 60
85 7 21
4 90 64
63 42 23
41 97 68
35 29 87
48 48 69
87 40 57
62 86 17
6 10 20
74 9 58
95 22 15
85 85 71
36 61 83
66 90 100
95 11 94
13 64 55
25 61 69
81 38 96
24 1 68
79 26 26
23 3 100
29 25 59
56 6 32
56 43 8
0 53 42
99 3 95
20 41 6
1 87 71
98 57 37
10 37 85
27 5 38
54 36 40
98 39 27
19 71 93
11 60 98
6 54 76
67 45 84
17 55 29
25 55 35
76 77 73
23 35 44
94 73 33
86 92 88
67 3 26
15 100 82
56 65 95
85 74 65
22 4 96
100 33 89
61 18 70
58 18 38
73 9 85
43 72 63
78 71 68
23 34 79
20 60 5
40 67 34
44 35 57
33 56 65
92 67 54
90 93 62
30 25 5
82 35 76
11 72 92
99 77 4
8 92 17
0 34 29
10 34 82
38 87 35
96 23 25
84 63 23
97 83 99
64 20 30
70 93 6
70 57 74
99 92 60
35 87 31
79 48 79
40 76 92
96 28 17
22 20 89
60 87 90
84 58 8
63 75 34
49 37 81
90 24 63
91 47 20
10 55 27
34 72 48
55 36 81
12 85 59
85 13 84
33 18 17
91 63 31
46 13 17
79 46 84
81 79 13
58 27 76
56 1 93
74 32 16
75 46 17
43 44 59
94 6 97
7 33 36
52 23 15
76 47 70
60 81 24
61 11 97
71 76 48
37 3 58
40 5 31
82 56 91
53 5 47
89 99 82
3 89 85
41 67 73
36 17 39
38 73 58
79 69 11
24 60 67
34 15 71
28 37 95
90 63 36
86 67 92
38 4 40
82 19 81
86 98 75
64 15 25
49 97 30
23 79 47
64 16 62
31 30 58
63 4 15
18 28 91
55 98 32
84 98 25
86 82 81
46 38 10
25 24 95
61 56 2
85 70 9
71 35 27
14 84 31
78 3 72
67 53 15
54 31 99
45 54 78
18 57 73
97 44 60
19 67 40
36 98 27
59 46 2
23 36 86
51 66 33
96 46 9
19 61 77
97 82 93
83 45 78
84 95 42
100 89 76
9 67 98
86 15 32
84 18 41
98 29 77
76 27 10
53 28 74
67 60 11
23 7 39
61 88 67
14 98 61
82 2 69
72 17 12
88 93 40
32 68 96
58 20 9
47 88 70
67 48 15
97 16 13
95 24 55
56 57 34
38 96 19
15 81 30
91 96 80
82 32 14
2 20 12
100 26 16
70 87 37
82 98 10
82 47 46
89 80 48
77 97 48
2 42 20
0 57 27
70 72 24
59 78 24
34 5 87
67 95 83
87 28 17
96 31 25
47 66 45
76 10 62
17 36 76
75 9 23
38 8 35
85 12 5
1 74 53
77 46 25
67 94 53
66 69 9
23 74 80
55 37 9
13 98 74
34 26 6
64 38 29
84 26 67
99 8 47
57 28 81
8 34 45
95 62 96
6 90 18
76 78 55
74 73 98
61 6 25
7 52 70
68 23 92
34 85 73
36 41 40
20 56 46
92 7 98
81 69 83
11 5 82
30 57 67
37 2 41
51 37 95
32 98 7
32 38 20
36 22 35
42 13 34
73 94 45
54 47 14
54 98 4
75 63 74
35 16 42
42 7 15
49 60 88
51 34 61
77 67 94
82 79 96
100 97 2
33 24 78
98 28 93
13 15 75
47 71 80
55 94 47
21 28 21
76 84 67
27 39 58
98 83 39
11 99 92
34 68 35
15 12 1
65 70 12
76 86 17
97 69 86
25 23 43
10 32 14
100 18 7
85 73 67
96 74 56
17 69 21
55 84 13
6 45 79
58 58 81
16 88 96
63 39 40
42 62 90
38 20 36
39 85 37
50 22 39
34 98 65
87 37 36
15 81 62
86 7 52
16 20 69
61 63 52
71 52 15
21 26 87
40 32 40
84 32 46
87 70 20
100 47 93
86 41 9
83 83 38
54 70 59
1 94 5
4 45 66
84 70 75
91 59 33
99 70 86
83 62 4
66 15 25
5 74 9
20 46 39
16 66 92
17 17 24
80 2 41
93 73 87
26 4 85
51 16 83
73 66 59
33 61 4
19 41 36
56 83 72
34 27 91
98 100 65
5 85 97
39 81 80
2 86 38
66 75 25
71 75 25
18 18 95
85 84 21
28 14 70
47 92 81
74 83 52
44 4 23
54 28 35
43 99 74
21 84 62
84 48 1
76 5 76
52 68 11
76 70 22
29 37 5
41 62 75
44 62 13
46 71 15
72 98 89
17 26 74
89 42 1
47 32 85
81 64 70
50 95 41
63 43 23
17 52 13
91 25 16
79 13 6
81 45 30
21 80 63
28 74 83
25 43 87
96 100 18
54 6 54
82 24 95
43 41 16
69 82 83
96 67 6
16 48 34
71 81 41
60 2 68
50 45 96
71 28 11
0 55 55
53 6 61
5 42 25
10 33 33
53 48 96
35 45 55
53 100 79
30 86 56
75 28 25
48 86 21
95 85 81
4 47 5
50 91 58
67 60 99
93 94 28
38 4 1
11 45 87
95 20 58
99 61 22
28 11 21
61 71 58
42 65 78
51 39 32
35 99 22
55 71 46
46 100 80
64 85 30
94 54 91
57 41 42
34 16 89
93 28 75
70 35 40
56 48 75
8 20 80
61 38 36
76 87 22
31 10 68
84 75 56
90 70 34
23 68 11
15 48 19
39 94 64
16 86 46
37 87 8
96 95 29
43 47 33
2 94 46
100 84 31
46 25 23
29 90 66
29 36 86
12 25 45
12 55 55
27 63 72
3 53 40
94 30 1
3 22 39
61 85 22
93 73 82
11 45 47
75 83 75
77 76 20
55 82 21
41 48 10
19 95 1
42 33 8
58 85 42
73 44 1
25 18 17
79 70 92
14 60 30
29 75 87
72 9 77
93 81 97
75 96 31
42 8 52
24 24 77
22 88 73
36 98 30
32 27 27
32 14 83
41 88 72
93 68 55
71 83 38
50 69 97
60 68 69
28 58 46
1 55 20
47 1 94
9 78 90
69 3 81
78 56 13
24 89 95
27 23 72
75 97 59
38 15 17
4 47 1
100 37 76
33 44 96
47 53 21
30 5 55
75 93 5
90 76 61
55 77 36
74 35 91
3 31 48
51 72 5
73 32 97
63 90 6
30 94 18
100 55 38
98 23 27
37 65 24
88 55 34
98 96 13
64 76 28
68 76 65
79 91 11
43 97 35
34 66 96
47 39 84
93 79 38
37 17 62
1 54 73
28 13 37
55 32 37
12 59 63
51 65 58
94 41 86
1 42 57
65 39 45
30 60 84
7 72 10
97 40 88
30 61 23
13 42 34
95 88 7
100 61 33
37 56 98
5 5 86
42 4 54
28 81 52
92 55 47
2 32 95
47 74 14
38 6 39
87 37 39
100 23 20
11 92 53
70 29 55
62 87 92
71 75 75
72 83 63
95 21 59
34 92 25
36 86 34
54 13 86
23 89 93
7 29 92
48 64 69
17 89 70
23 8 13
80 65 25
7 55 65
0 65 91
72 21 28
83 89 31
100 66 7
61 58 61
58 20 22
48 38 28
77 21 90
26 63 84
61 12 61
37 24 17
1 95 53
57 53 73
54 12 86
66 22 24
50 22 86
23 70 19
73 7 6
24 8 15
14 78 60
70 25 2
42 63 85
92 10 71
10 72 100
57 92 78
10 19 4
16 20 13
8 31 78
70 70 72
49 11 58
29 23 13
87 57 12
79 6 30
45 39 5
77 89 75
8 61 3
16 86 48
34 44 91
42 73 40
46 54 18
82 77 39
13 63 44
37 33 85
64 96 55
34 59 57
33 17 14
82 20 52
37 54 52
97 96 54
10 28 72
42 12 84
23 60 91
51 32 31
3 82 67
85 86 56
51 76 26
41 20 71
28 9 52
2 93 86
95 92 84
35 57 4
6 74 32
71 86 34
22 2 57
6 68 91
59 75 32
43 82 22
6 90 7
61 89 91
24 81 77
12 8 16
17 43 82
13 69 20
3 19 75
86 25 64
43 54 4
78 21 43
16 66 96
12 72 15
9 3 8
21 99 3
52 60 75
28 62 38
24 84 57
22 75 38
43 86 20
5 92 68
22 21 46
27 97 67
43 48 99
16 35 59
67 68 52
14 12 58
60 57 42
90 72 20
49 86 5
69 62 92
20 60 75
30 64 56
73 41 26
39 39 55
80 22 42
60 83 20
57 76 70
65 19 26
58 16 65
67 56 15
60 29 94
68 63 40
77 91 2
12 100 82
74 13 7
31 20 6
78 100 69
82 94 57
4 38 5
60 86 100
91 61 19
91 10 23
63 93 100
35 43 32
34 21 80
1 12 64
91 22 82
13 28 46
14 19 22
7 84 22
98 31 67
79 88 11
85 71 33
20 14 88
1 28 70
31 37 19
4 80 61
46 18 82
28 53 36
98 22 42
57 27 68
16 97 9
13 64 42
85 85 34
20 46 23
16 74 2
64 25 83
74 24 4
74 77 38
31 9 91
17 81 100
35 9 73
23 58 58
16 39 79
13 21 19
29 35 24
57 26 71
38 10 22
67 88 33
52 58 41
17 75 28
17 8 18
67 77 35
18 95 60
8 3 76
43 58 83
67 43 16
95 95 17
100 66 13
100 91 95
51 16 84
13 62 69
98 55 70
22 42 25
84 63 8
7 52 33
17 53 33
66 17 16
57 71 100
34 38 11
30 15 68
1 87 21
43 9 84
97 14 17
67 89 59
75 37 68
77 75 10
10 33 21
85 96 27
92 40 17
57 87 8
57 64 92
38 31 43
47 27 8
15 27 85
74 86 76
16 81 32
62 17 11
7 13 96
93 37 34
93 61 47
91 54 60
89 37 94
94 75 65
33 6 28
24 29 11
6 57 10
20 24 95
97 70 4
97 10 17
2 72 59
52 90 42
21 81 30
47 25 9
61 55 7
46 59 25
60 34 72
0 33 60
19 25 7
12 7 78
76 82 99
22 28 37
32 43 54
75 12 4
42 67 14
17 79 13
88 76 98
20 98 70
59 60 85
54 7 5
29 21 89
72 96 80
80 15 95
67 10 77
0 92 67
31 11 66
1 52 5
55 80 45
79 37 2
47 88 38
18 22 25
81 3 94
2 57 53
69 11 77
22 15 99
59 19 85
11 73 54
100 6 94
13 66 1
10 36 76
8 100 13
15 87 67
40 47 81
56 30 6
55 48 15
26 20 90
62 46 8
97 24 78
25 54 15
0 68 90
90 78 19
72 53 57
79 4 33
46 26 68
90 37 82
80 80 99
22 64 65
98 42 24
67 83 21
100 45 18
63 53 74
39 12 84
89 8 11
55 94 1
74 3 72
52 20 71
55 3 20
95 53 33
91 9 77
97 81 53
100 1 1
53 92 12
32 81 7
49 47 74
62 44 84
58 99 46
29 21 13
40 87 59
32 94 82
56 91 37
2 21 41
77 83 32
35 73 75
100 74 54
19 38 41
96 97 9
83 81 21
4 95 82
61 95 87
7 55 85
66 96 69
2 100 54
82 45 77
89 86 90
7 25 48
57 59 38
0 71 40
37 21 1
52 79 95
73 43 35
84 98 55
16 43 68
25 65 34
33 39 73
59 22 76
80 33 25
22 97 31
53 97 9
28 88 81
66 19 66
8 58 1
53 3 4
47 12 95
73 35 23
8 87 8
12 72 83
70 35 42
32 71 93
12 3 26
74 76 22
13 55 55
66 68 37
28 44 77
82 97 70
37 92 57
11 83 30
39 68 89
75 33 74
4 86 31
69 26 21
55 4 97
19 77 72
75 2 67
100 27 67
29 71 99
3 75 98
16 96 54
1 13 64
41 12 92
36 64 15
45 38 11
95 85 18
33 35 34
0 15 62
52 91 16
41 26 27
41 97 37
50 58 100
75 40 70
42 93 63
9 67 78
18 56 55
0 27 62
16 79 40
51 46 69
75 31 59
51 9 46
100 28 10
29 11 42
47 68 48
83 25 47
78 23 25
34 67 6
10 34 81
54 8 62
6 27 73
40 31 94
11 78 3
83 56 97
59 89 41
34 78 21
19 77 96
79 6 20
84 79 48
73 93 3
1 7 59
85 67 94
23 7 57
