50
23 5358370
25783697 4468986
68940686 22443596
49449993 58321103
9359185 44343306
18817395 69254687
22353944 16709095
20103609 1996648
45021801 67382437
14626103 69205710
33721422 24434170
12842568 2323165
20633026 43364027
16264900 29030104
66607439 37005294
4348646 2779950
17396385 60297
49431401 29805964
30839973 52950994
22011579 18240012
4545502 57843557
2754784 49405323
20655300 26052180
54227686 6744472
18 1
0 0
0 1
0 2
0 3
0 4
0 5
1 0
1 1
1 2
1 3
1 4
1 5
2 0
2 1
2 2
2 3
2 4
2 5
7 3
1 5
2 3
2 1
5 1
6 3
4 4
4 5
50 4
11 6
2 4
14 3
12 11
12 0
15 10
6 6
8 7
15 15
14 8
3 7
9 10
11 9
5 11
3 4
8 2
4 15
8 3
14 0
13 8
8 12
6 2
13 3
11 3
13 7
7 8
7 1
5 10
8 0
12 1
8 10
7 15
8 8
0 3
0 11
1 13
1 10
10 2
6 8
7 11
11 15
13 14
0 8
2 13
11 4
2 5
5 5
3 11
1 9
2 10
25 22732507
60577390 4437494
6230423 31330397
51887708 31933995
1825734 26141505
60486128 35249030
43955744 64555321
79082221 12448013
63583240 70873299
32742397 23757754
61237690 62173739
31170681 56348192
44344512 20485848
62709329 28449876
15709283 52233139
15738778 32305843
12136267 7567217
911724 26973594
57211718 66261140
18975257 24607680
77847562 77426846
16161744 18219568
30677162 69812641
79163490 465377
5316132 4993634
41529121 41099507
50 8
2 3
11 15
0 5
0 0
15 5
2 7
11 5
11 11
7 2
2 11
6 11
10 9
6 14
3 16
5 13
16 9
8 0
10 2
15 9
5 4
1 2
7 4
3 13
4 12
3 9
11 1
15 8
1 0
3 10
7 0
1 13
16 16
16 4
15 13
4 7
3 4
14 15
13 13
16 8
9 6
14 10
7 3
9 13
3 6
12 13
12 14
6 9
15 10
0 1
1 9
20 16852682
390061163 146695273
133354432 434941389
235842151 381226181
374162457 239882549
42446610 362747486
425293258 397012023
304272287 291888997
408961001 276711045
309395617 206612463
11750044 400491354
166655566 97187264
107899131 188950707
393741067 195403969
193048888 76646551
74106673 96945284
41310879 316085353
87779161 98814352
146712402 254376224
423709473 362667985
415582206 288341081
20 79196893
234700243 181244064
232840960 343910655
95776799 305873030
26844174 273909324
192074788 43951482
270255228 255244529
5656752 328707105
254807740 92838096
87950064 167511517
247408608 70069050
192721478 269587242
66537223 217541615
195412733 326596929
189146902 291740875
353135621 169605473
168075353 273795140
71717751 292435829
123300591 123575426
184187092 7128721
294591004 302655224
24 3344937
21289585 26274613
7062274 26646895
48560245 1025877
40975875 11119135
17322804 12187835
26593000 3997900
26371100 38810501
40675593 29236984
42637554 9661348
25533491 41352394
34183254 8478090
8065291 29405575
41097022 47673667
9865294 39088031
13176181 18975489
36334608 333255
70567 46697156
46468509 47108149
45543068 38600997
18836736 35675383
45667202 6881856
157090 16837617
32280162 48816700
48575113 12709361
18 2662885
10761913 54603564
58270276 34899706
30447818 6708026
54583964 15135223
16209712 15338642
26458699 36232766
1285395 58402934
5547642 43864784
37205920 39829824
22733015 8004192
39834393 53267719
58403578 58459155
47357703 28917994
8672233 46875606
2366858 31191036
30086327 20491099
54822865 53925836
15073863 39578289
6 16298770
114376087 120663393
156912339 165078980
11600331 79143407
84711766 55931238
68454794 179701463
44682163 130187049
29 49417835
103462745 38816746
107287137 46760586
41255211 66455603
93945148 1207465
183953928 18560827
26262740 142574084
82233619 113104265
80631481 175095914
115067248 147371233
43613470 13095743
76354275 5852674
157464217 76266605
208479 85320644
63956129 149182354
62109033 151526104
40906429 22220280
18916307 178915171
67762599 40994510
33900627 142124003
128637596 114425138
7303393 4361352
52487118 32987035
119592346 151930261
148126072 51951753
20070324 105413966
5829420 73483459
1033500 12435467
143218615 158818296
133786286 113876527
1 1
100 100
18 2
0 0
0 1
0 2
0 3
0 4
0 5
1 0
1 1
1 2
1 3
1 4
1 5
2 0
2 1
2 2
2 3
2 4
2 5
18 1
0 0
0 1
0 2
3 3
3 4
3 5
1 0
1 1
1 2
4 3
4 4
4 5
2 0
2 1
2 2
5 3
5 4
5 5
4 6606879
5445586 18730251
48324696 30867902
40405780 39597402
50423605 84193003
24 28480576
9553487 164156966
263764812 255806147
230041409 133744685
218875669 21293737
127738215 24674720
222110606 178270924
53597673 158346004
245446669 13060462
9418727 177145744
124443108 179464930
70355028 106938226
169315015 227330670
57208588 192690117
80713541 217025567
19373879 86875784
107318097 12535567
111501351 36920069
19666639 33743163
243323146 252055770
272613992 233293153
28131521 209983461
61835212 167368700
83874990 145617505
217767838 251435296
4 1
0 0
0 2
10 0
10 2
50 17
5 5
6 9
6 5
3 9
2 0
6 8
7 5
10 1
4 3
2 5
3 5
8 10
1 2
10 3
8 8
9 9
10 0
7 4
3 0
0 0
10 5
4 4
7 2
4 6
2 2
7 1
3 2
9 1
2 1
0 5
5 1
4 1
2 3
8 1
9 8
6 7
8 0
1 9
6 0
8 3
3 3
5 3
9 0
2 4
9 2
10 4
7 7
9 4
1 8
1 6
11 115143428
316236982 353504342
131022856 61855877
369455724 122111188
278454632 319744144
342292040 191136887
233139168 259391507
188462861 81994767
47450462 110510281
215512614 218409316
261822113 303242459
133937059 345457832
8 33148606
40752714 32833712
78640941 17302997
33273522 109478860
91213574 30908513
8519218 94114051
117899869 15959174
76358848 114424892
108059951 66351720
16 2
0 0
0 1
0 2
1 0
1 1
1 2
2 0
2 1
2 2
2 3
3 3
4 3
3 2
4 2
3 1
4 1
22 12831146
55470245 9220616
48539025 76324648
52157672 42587837
7967047 2278982
8587601 27351620
53252894 21691206
37065870 52857632
4064038 53388249
75452122 51130683
5786342 41316092
30489118 83095143
74617234 47597071
43776239 53361689
24567476 59777734
31800666 63782875
41902752 29336853
23327228 17952056
27563990 52830840
40566403 36072460
24175030 77005525
20902550 19145698
48532158 60465340
50 20
8 9
5 0
11 0
9 2
4 9
7 7
9 8
10 7
4 6
9 6
5 10
9 3
3 1
4 11
3 6
6 4
8 0
6 1
7 9
7 3
2 8
6 9
7 8
6 7
3 2
6 10
3 7
0 2
8 2
6 11
10 1
6 5
11 9
0 3
3 3
5 9
11 5
1 8
11 6
7 2
7 0
1 1
5 6
8 6
11 11
4 1
5 2
8 1
0 9
4 4
50 19
8 3
5 8
7 12
7 2
6 4
13 7
10 13
9 4
3 10
3 1
9 0
3 13
0 13
9 1
9 13
12 4
13 4
4 4
4 6
1 5
7 4
13 2
0 7
4 2
3 11
10 8
2 7
5 9
4 5
1 2
3 8
0 8
10 4
6 7
2 8
10 1
9 6
6 10
4 8
6 8
7 6
4 1
8 8
1 10
3 6
1 6
8 10
13 6
8 13
9 10
4 2
0 0
0 2
10 0
10 2
3 1
100 100
200 200
300 300
7 6
8 5
3 6
9 2
4 5
3 2
1 8
2 8
18 2
0 0
0 1
0 2
3 3
3 4
3 5
1 0
1 1
1 2
4 3
4 4
4 5
2 0
2 1
2 2
5 3
5 4
5 5
50 8
11 8
9 15
14 17
2 9
1 7
15 13
16 10
9 12
11 7
7 13
17 10
1 16
7 11
8 7
16 17
15 16
10 7
16 1
10 0
13 17
12 17
3 4
14 15
2 11
6 5
12 4
3 13
1 8
0 8
14 8
2 2
16 6
13 6
3 11
8 0
2 5
4 6
4 9
17 11
5 5
9 2
7 0
17 0
8 8
8 2
0 1
1 6
2 14
4 11
15 1
50 4
9 6
12 8
6 0
0 3
12 11
9 8
0 5
2 3
2 5
2 2
7 1
12 9
0 9
6 1
0 2
10 12
0 1
12 7
12 3
12 1
0 0
11 0
12 10
12 4
12 5
1 1
3 1
4 4
9 4
0 10
3 5
11 11
1 9
11 1
3 4
10 5
10 7
8 9
8 1
7 7
7 6
5 2
5 3
6 9
9 0
12 12
0 6
7 0
1 11
4 10
50 5
3 15
10 16
9 4
6 15
4 8
5 11
0 1
16 10
17 13
15 10
3 1
11 11
13 18
13 11
13 17
8 8
7 15
6 6
2 4
15 3
12 10
18 11
17 6
8 18
17 3
5 4
11 2
6 1
2 9
9 10
3 8
2 1
2 3
7 9
12 2
13 0
8 11
3 4
18 9
16 7
11 18
17 2
8 12
16 12
4 4
0 2
7 13
15 5
0 11
14 1
14 2
0 1
0 2
0 3
1 0
1 1
1 2
1 3
2 0
2 1
2 2
2 3
3 0
3 1
3 2
28 7010298
20259010 845744
28887952 28986004
1638618 27969512
43477242 54794457
17324934 54103948
46135454 48357062
18166050 54103977
22425308 15872568
1554006 8463319
9075641 43835253
23879253 45583195
19155511 52813269
28573311 36008541
31329856 33816781
28299879 40743296
14062012 26414169
29273006 6968099
11274178 30489222
46660174 3307444
22164714 20591065
52308531 38543916
10298817 12145951
37801155 17437866
52073622 3637010
4880511 11939440
7275249 46476581
44435393 4963060
20003619 21673261
2 1
100 100
200 200
7 88250629
262445698 270639240
148293123 14887371
309757073 116177341
253862662 63737796
314659486 70891443
268780627 163613467
87349124 2155302
18 31872242
303149708 149689274
243225367 139145677
225598530 268138203
61667735 82709920
111521664 34414025
38811839 73578272
370866352 270602033
152114553 312896135
320689502 141422754
212321648 226137005
221723131 224902025
383085852 24525631
117569821 115689723
371623296 228725648
370455508 46436578
153174732 236343707
258969155 214000482
56193545 166502058
16 1
0 0
0 1
0 2
1 0
1 1
1 2
2 0
2 1
2 2
2 3
3 3
4 3
3 2
4 2
3 1
4 1
3 103113195
51412422 207146523
343249683 281225200
414349919 372044018
14 65824308
322339524 392308135
80393748 236723686
103703891 26704193
227463815 164092728
43069342 229613918
356909917 269369496
69549696 245992713
201760623 310858085
115017493 346947619
10303184 324619307
144053359 362186517
304504014 371809684
156153449 324841142
5263434 270150657
6 6905651
29905211 69824122
32945210 92251409
39029369 11925960
34707969 62145084
78170875 43739963
86829991 46835894
15 11559273
49987969 29470600
64063113 4336518
71085122 61848358
2159932 22559981
7103992 26818375
3002492 65670172
47620387 6649084
35614398 33393489
40932194 5359823
4707307 14752536
21199699 41630364
43099569 41468543
48743070 67168299
51433385 7946389
358816 72256110
2 51054776
14192113 173943682
44109041 444212817
26 22496065
140327268 143756842
176544775 70501272
136946708 64246881
135943564 52306575
3806525 31243027
76187709 197004394
152896461 101657975
99663469 61206551
112656793 14352224
163097059 160373917
73010839 49463988
136811147 185946925
81745528 76083517
62177311 101292198
133603542 100277857
41698306 194702428
4204197 142792149
157478277 128577873
120317128 61503152
58338901 153251492
124177105 57416666
117556293 19066118
18012884 73467043
132959860 197734502
95878000 169002971
187507055 78341879
7 3
8 5
3 6
9 2
4 5
3 2
1 8
2 8
13 9509776
11096878 63489342
49060702 55508332
23618998 52252892
3891449 63928292
47467711 13872270
6058434 33984093
1663745 51854366
49756843 34828937
9046444 59272788
54810047 17878647
30774384 18220628
27014896 61833398
21402968 45600085
24 14290817
177298630 158362378
160700043 248349761
1361217 107314709
31105407 194337965
74715789 171567611
247995899 61576752
33973634 165249540
115416185 189148023
91829556 192843757
232906885 103773983
231824483 204706246
42012469 183770476
153219011 236423394
151369879 32531844
194008076 238320900
132931631 224478509
136117158 121188459
29697326 901920
128795621 92026980
229221428 84237017
244816268 81027966
4365573 176098776
40683963 99750752
77644842 72827102
14 1
0 1
0 2
0 3
1 0
1 1
1 2
1 3
2 0
2 1
2 2
2 3
3 0
3 1
3 2
50 6
0 0
11 7
0 11
9 14
2 2
3 3
0 13
6 4
11 8
2 10
11 13
0 8
8 3
9 2
14 8
1 9
14 14
2 9
3 7
2 5
0 4
13 10
9 5
10 5
0 12
3 5
10 14
3 14
10 6
13 7
4 1
2 3
1 13
3 2
12 4
11 6
11 14
9 8
14 12
4 13
4 8
3 8
0 9
1 1
5 3
12 9
6 12
12 11
12 13
8 13
28 54858582
52075502 315598868
436177677 119693987
288430312 47915885
459693342 264524096
10680272 236834385
193620415 223048578
377386090 105201669
146905779 86515517
5996768 146446302
317876114 114077373
417738996 136888633
333510812 164586072
418894984 188063534
90728826 164777879
198941448 107990966
273453004 431663876
303368247 69625242
151641820 402508096
319037433 155356190
257647635 98425923
360855520 353853828
46086271 127206698
401762485 296669731
220459884 269381659
157446580 374921851
150237516 193504112
437778128 44296620
292524285 201721232
